[header]
width=20
height=15
tilewidth=32
tileheight=32
orientation=orthogonal

[tilesets]
tileset=PathAndObjects.bmp,32,32,0,0
tileset=PathAndObjects.bmp,32,32,0,0
tileset=../../../Downloads/treesv6_0.bmp,32,32,0,0
tileset=../../../Downloads/submission_daneeklu/tilesets/fence.png,32,32,0,0
tileset=../../../Downloads/submission_daneeklu/tilesets/plants.png,32,32,0,0
tileset=../../../Downloads/submission_daneeklu/tilesets/plowed_soil.png,32,32,0,0

[layer]
type=Tile Layer 1
data=
17,19,178,178,178,178,178,178,178,10,11,11,11,11,11,11,11,12,178,179,
17,19,178,178,178,178,178,178,178,26,27,27,27,27,27,27,27,28,178,179,
17,19,178,178,178,178,178,178,178,26,27,27,27,27,27,27,27,28,178,179,
17,19,178,178,178,178,178,178,178,26,27,27,27,27,27,27,27,28,178,179,
17,19,178,178,178,178,178,178,178,26,27,27,27,27,27,27,27,28,178,179,
17,19,178,178,178,178,178,178,178,42,43,43,43,27,27,27,27,28,178,179,
17,19,178,178,178,178,178,178,178,178,178,178,178,26,27,27,27,28,178,179,
33,35,178,178,178,178,178,178,178,178,178,178,178,42,43,43,43,44,178,179,
177,178,178,178,178,178,178,178,178,178,178,178,178,178,178,178,178,178,178,179,
177,178,178,178,178,178,178,178,178,178,178,178,178,178,178,178,178,178,178,179,
177,178,178,178,178,178,178,178,178,178,178,178,178,178,178,178,178,178,178,179,
177,178,178,178,178,178,178,178,178,178,178,178,178,178,178,178,178,178,178,179,
193,194,194,194,194,194,194,194,194,194,194,194,194,194,194,194,194,194,194,195,
209,209,209,209,209,209,209,209,209,209,209,209,209,209,209,209,209,209,209,209,
164,164,164,164,164,164,164,164,164,164,164,164,164,164,164,164,164,164,164,164

[layer]
type=Tile Layer 2
data=
0,0,0,0,0,0,0,0,0,645,640,640,640,640,640,640,640,647,0,0,
0,0,0,0,0,0,0,0,0,643,0,0,0,0,0,0,0,643,0,0,
0,0,0,0,0,0,0,0,0,643,0,0,0,0,0,0,0,643,0,0,
0,0,0,0,0,0,0,0,0,643,0,0,0,0,0,0,0,643,0,0,
0,0,0,0,0,0,0,0,0,643,0,0,0,0,0,0,0,643,0,0,
0,0,0,0,0,0,0,0,0,651,640,640,640,647,0,0,0,643,0,0,
0,0,0,0,0,0,0,0,0,0,0,0,0,643,0,0,0,643,0,0,
0,0,0,0,0,0,0,0,0,0,0,0,0,639,654,655,656,653,0,0,
0,0,0,0,0,0,0,0,0,0,0,0,0,0,0,0,0,0,0,0,
0,0,0,0,0,0,0,0,0,0,0,0,0,0,0,0,0,0,0,0,
0,0,0,0,0,0,0,0,0,0,0,0,0,0,0,0,0,0,0,0,
0,0,0,0,0,0,0,0,0,0,0,0,0,0,0,0,0,0,0,0,
0,0,0,0,0,0,0,0,0,0,0,0,0,0,0,0,0,0,0,0,
0,0,0,0,0,0,0,0,0,0,0,0,0,0,0,0,0,0,0,0,
0,0,0,0,0,0,0,0,0,0,0,0,0,0,0,0,0,0,0,0

[layer]
type=Copy of Tile Layer 2
data=
0,0,0,0,0,0,0,0,0,0,0,0,0,0,0,0,0,0,0,0,
0,0,0,0,0,0,0,0,0,0,684,684,684,684,702,702,702,0,0,0,
0,0,0,0,0,0,0,0,0,0,684,684,684,684,702,702,702,0,0,0,
0,0,0,0,0,0,0,0,0,0,684,684,684,684,702,702,702,0,0,0,
0,0,0,0,0,0,0,0,0,0,725,725,725,725,724,724,724,0,0,0,
0,0,0,0,0,0,0,0,0,0,0,0,0,0,724,724,724,0,0,0,
0,0,0,0,0,0,0,0,0,0,0,0,0,0,0,0,0,0,0,0,
0,0,0,0,0,0,0,0,0,0,0,0,0,0,0,0,0,0,0,0,
0,0,0,0,0,0,0,0,0,0,0,0,0,0,0,0,0,0,0,0,
0,0,0,0,0,0,0,0,0,0,0,0,0,0,0,0,0,0,0,0,
0,0,0,0,0,0,0,0,0,0,0,0,0,0,0,0,0,0,0,0,
0,0,0,0,0,0,0,0,0,0,0,0,0,0,0,0,0,0,0,0,
0,0,0,436,437,438,439,0,0,0,0,0,0,0,0,0,0,0,0,0,
0,0,0,452,453,454,455,485,486,487,488,0,0,0,0,0,0,0,0,0,
0,0,0,468,469,470,471,501,502,503,504,0,0,0,0,0,0,0,0,0

