0 0 0 0 0 0 0 0 0 645 640 640 640 640 640 640 640 647 0 0 
0 0 0 0 0 0 0 0 0 643 684 684 684 684 702 702 702 643 0 0 
0 0 0 0 0 0 0 0 0 643 684 684 684 684 702 702 702 643 0 0 
0 0 0 0 0 0 0 0 0 643 684 684 684 684 702 702 702 643 0 0 
0 0 0 0 0 0 0 0 0 643 725 725 725 725 724 724 724 643 0 0 
0 0 0 0 0 0 0 0 0 651 640 640 640 647 724 724 724 643 0 0 
0 0 0 0 0 0 0 0 0 0 0 0 0 643 0 0 0 643 0 0 
0 0 0 0 0 0 0 0 0 0 0 0 0 639 654 655 656 653 0 0 
0 0 0 0 0 0 0 0 0 0 0 0 0 0 0 0 0 0 0 0 
0 0 0 0 0 0 0 0 0 0 0 0 0 0 0 0 0 0 0 0 
0 0 0 0 0 0 0 0 0 0 0 0 0 0 0 0 0 0 0 0 
0 0 0 0 0 0 0 0 0 0 0 0 0 0 0 0 0 0 0 0 
0 0 0 436 437 438 439 0 0 0 0 0 0 0 0 0 0 0 0 0 
0 0 0 452 453 454 455 485 486 487 488 0 0 0 0 0 0 0 0 0 
0 0 0 468 469 470 471 501 502 503 504 0 0 0 0 0 0 0 0 0

