[header]
width=20
height=15
tilewidth=32
tileheight=32
orientation=orthogonal

[tilesets]
tileset=../../../Downloads/submission_daneeklu/ui_preview.png,32,32,0,0
tileset=../../../Downloads/submission_daneeklu/ui/scrollsandblocks.png,32,32,0,0

[layer]
type=Tile Layer 1
data=
122,123,123,123,123,123,123,123,123,123,123,123,123,123,123,123,123,123,126,127,
139,140,140,140,140,140,140,140,140,140,140,140,140,140,140,140,140,140,143,144,
156,157,157,157,157,157,157,157,157,157,157,157,157,157,157,157,157,157,157,161,
156,157,157,157,157,157,157,157,157,157,157,157,157,157,157,157,157,157,157,161,
156,157,187,157,157,157,157,157,157,157,157,157,157,157,157,157,157,157,157,161,
156,157,157,157,157,157,157,157,157,157,157,157,157,157,157,157,157,157,157,161,
156,157,157,157,157,157,157,157,157,157,157,157,157,157,157,157,157,157,157,161,
156,157,157,157,157,157,157,157,157,157,157,157,157,157,157,157,157,157,157,161,
156,157,157,157,157,157,157,157,157,157,157,157,157,157,157,157,157,157,157,161,
156,157,157,157,157,157,157,157,157,157,157,157,157,157,157,157,157,157,157,161,
156,157,157,157,157,157,157,157,157,157,157,157,157,157,157,157,157,157,157,161,
156,157,157,157,157,157,157,157,157,157,157,157,157,157,157,157,157,157,157,161,
156,157,157,157,157,157,157,157,157,157,157,157,157,157,157,157,157,157,157,161,
190,191,192,192,192,192,192,192,192,192,192,192,192,192,192,192,192,193,194,195,
207,208,208,208,208,208,208,208,208,208,208,208,208,208,208,208,208,208,211,212

[layer]
type=Tile Layer 2
data=
97,97,0,0,0,0,0,0,0,0,0,0,0,0,0,0,0,0,0,0,
0,0,0,0,0,0,0,0,0,0,0,0,0,0,0,0,0,0,0,0,
0,0,0,0,0,0,0,0,0,0,0,0,0,0,0,0,0,0,0,0,
0,165,166,166,166,166,166,167,0,0,0,0,0,0,0,0,0,0,0,0,
0,182,82,82,82,82,82,184,0,0,0,0,0,0,0,0,0,0,0,0,
0,182,183,183,183,183,183,184,0,0,0,0,0,0,0,0,0,0,0,0,
0,182,82,82,82,82,82,184,0,0,0,97,97,97,97,97,97,0,0,0,
0,182,183,183,183,183,183,184,0,0,0,0,0,0,0,0,0,0,0,0,
0,182,82,82,82,82,82,184,0,0,0,0,0,0,0,0,0,0,0,0,
0,199,200,200,200,200,200,201,0,0,0,0,0,0,0,0,0,0,0,0,
0,82,82,82,82,82,82,82,0,0,0,0,0,0,0,0,0,0,0,0,
0,82,82,82,82,82,82,82,0,0,0,0,0,0,0,0,0,0,0,0,
0,0,0,0,0,0,0,0,0,0,0,0,0,0,0,0,0,0,0,0,
0,0,0,0,0,0,0,0,0,0,0,0,0,0,0,0,0,0,0,0,
0,0,0,0,0,0,0,0,0,0,0,0,0,0,0,0,0,0,0,0

